5.303080452703924e-71
0.0
0.0
0.0
0.0
0.0
3.574007648478909e-97
0.0
0.0
1.1356932918447668e-95
7.795454080721169e-93
3.1566742577664834e-151
0.0
0.0
0.0
0.0
4.0012337996730344e-259
0.0
0.0
0.0
0.0
0.0
2.5260180249511924e-07
0.0
3.467249617786433e-81
0.0
1.3835730196241577e-45
0.0
0.0
0.0
2.13063704617225e-08
1.9487733416376232e-132
3.0546383722191006e-124
0.0
0.0
0.0
7.953437856900988e-215
0.0
4.78556280054293e-148
0.0
0.0
0.0
0.0
3.043834141273091e-31
2.1937103515917616e-172
0.0
0.0
0.0
0.0
1.3065377511628368e-166
0.0
0.0
0.0
0.0
0.0
1.4184944704483046e-26
1.5905471954748186e-116
0.0
5.244351343659757e-44
1.8042129475528593e-294
4.6842568616418504e-300
0.0
0.0
4.2176629716740436e-209
6.989303003725561e-149
0.0
7.575556252677081e-206
0.0
0.0
0.0
0.0
0.0
0.0
0.0
0.0
0.0
0.0
0.0
3.194278933120294e-60
1.3435196831094127e-220
0.0
0.0
0.0
0.0
0.0
0.0
1.3207872150018653e-223
3.022875125555691e-183
0.0
0.0
1.278416300818622e-260
0.0
0.0
0.0
1.387189706606723e-264
4.886576536406791e-237
0.0
2.991439740072202e-70
5.841340959723532e-147
3.654093228293765e-295
