1.6340544005321014e-07
0.10954295152398429
4.4104411901511776e-05
1.6752893191029077e-26
0.010973405976117505
5.235768143354928e-06
0.0010521070095197292
0.0013149924190762948
5.678284015716714e-05
1.704385400664888e-24
1.1118391306580521e-07
2.002558629776005e-15
2.877465184704009e-06
2.9438911039589015e-11
3.752318254670589e-05
0.0003886162795245857
1.1862082823444372e-12
0.10793476350703209
1.4514404413458496e-11
1.3420206620843253e-10
3.024039569050421e-07
3.617652305837089e-23
2.5063072542401945e-11
2.7399677844627447e-06
0.05336898737653315
2.551137198689959e-37
4.581368262391289e-09
0.3693307117301791
4.5153800848482837e-11
0.00034738560400794454
4.032761838354809e-11
8.729662306840221e-06
3.8790255527578406e-08
6.773119872516944e-09
3.334136399344426e-06
5.3987520207637513e-08
1.08949916892569e-28
0.010323932254089115
1.768120810003317e-05
0.04926087303079673
1.0159945998417811e-08
0.04300199147558641
0.0625986696551953
6.179621713219693e-18
1.3277041093786569e-09
1.6854721218928307e-09
0.00011347609381616672
7.797748552614344e-11
3.8314635719232565e-16
4.705165541855199e-16
2.2567903161070863e-19
9.659007548884932e-07
9.655359480060713e-08
6.758788463081001e-23
2.7699278181598834e-15
6.848326189006746e-08
0.012915772005852784
0.032079068885300994
0.02210021374577742
2.4952335073970335e-14
1.8152254844921685e-08
0.10203139451978883
0.016962940367463077
2.1393866694455027e-17
2.9848735772924117e-05
0.06979853534779447
1.9939877166068786e-26
2.221850504726563e-16
6.558309305588675e-15
0.0004892554776470973
0.0018429038242651808
1.7395530624787514e-07
1.5971389280191862e-12
4.100118437601513e-07
5.813766584378678e-08
1.1861460180565924e-05
0.0001425869531910753
0.011181509367692067
8.256465612669028e-09
3.4342829897933545e-18
0.00023415035843721155
0.0002452267138797594
0.007875928510362782
5.151595353925415e-16
1.5620937451453715e-06
0.01453359094569456
1.3932623031902665e-06
0.2366810233943667
0.001678828671872929
4.898490249081978e-05
6.19332814938929e-12
1.8586574913477737e-10
0.01814569910585998
2.6733596526345803e-05
9.785243604138073e-05
0.007660077527435081
7.811335945572736e-07
0.016658600179142315
0.00042621064100429896
5.515705415505087e-09
