0.11793470110996847
3.1548002353692216e-06
0.0001642790955039288
1.6177731148409235e-09
2.0108547910503614e-08
3.2475284521559026e-07
5.0094285179038696e-06
2.1523571676454188e-07
8.534989121983446e-06
0.0005341064601856868
0.00017087768433792744
6.142277490138394e-06
1.2025753953039918e-07
1.719900168028535e-06
2.345426809856578e-08
6.049278160047781e-05
0.0018808022344047202
1.6514760523372343e-07
0.00043264778675375024
3.426383787602275e-05
0.009003419451809422
0.0003015595918563428
0.00010580488782365354
0.06563838953721558
6.745911944150136e-05
8.744824626476685e-05
5.232013720462895e-06
0.026012444057094432
8.287805066311346e-07
8.298790311521499e-05
7.798881141465306e-05
1.0418987783543822e-06
5.551310877713959e-07
6.2810768022114514e-09
2.7602694640795775e-08
0.00015225514267921402
3.9534417746969415e-06
1.650957142249072e-05
7.3743439015793e-05
1.0049068592479e-05
1.738541167083899e-05
3.7504701816641124e-05
3.0350808877519783e-06
3.021069049569536e-06
6.633074541846691e-05
6.142277490138394e-06
6.745911944150136e-05
1.519828788954336e-05
6.049278160047781e-05
0.00023963801348668526
0.0002685734823355065
2.3483733767605693e-06
2.932270583548426e-06
0.00045152050290065164
2.1523571676454188e-07
4.7653315548358245e-08
1.1266950488942963e-05
7.820349603939197e-09
4.237419803724525e-07
2.1762429457996913e-06
8.563361527857747e-05
3.433158730006551e-08
6.273976363271745e-05
4.361940476853918e-06
6.142277490138394e-06
3.738869944108647e-09
7.963492246328742e-06
1.906828218933331e-07
0.0001811053354396394
0.0023585529724916778
0.003705495320861452
5.236210139808075e-05
0.0001861826018048103
7.595862872188574e-06
0.0006069080645296657
6.350837872623767e-08
0.008019938757549699
1.0920341250536673e-06
1.4901372675308846e-05
7.176274094549116e-07
0.00303408686164164
5.640595890559563e-05
7.038225475302433e-06
0.0017457648917098762
0.07666710720352235
0.0001800815083755999
0.001681435045248538
7.038225475302433e-06
6.259711300404646e-06
3.1518342837836927e-06
1.4713629997629226e-08
0.008019938757549699
1.5005650472711975e-05
2.123366762703048e-06
2.123366762703048e-06
0.00037425429759380666
0.022588133873124295
4.353966460155478e-05
8.690339936944169e-09
1.1116527621915286e-07
