1.0276333199738981e-07
3.877459245523732e-06
5.6952295436377103e-05
1.8109356740195946e-05
1.9263301448670447e-05
2.8365834504700393e-06
6.350837872623767e-08
1.7770883439668626e-06
0.00012849842415364797
7.342458750705799e-09
2.0007793793749987e-05
1.918891584870019e-06
5.842421094658651e-06
7.694205906077666e-07
5.488922949292119e-05
0.00011133273180893373
3.426383787602275e-05
3.603555812427361e-07
1.9638553651117032e-05
7.039499525945028e-07
2.2793433358759586e-05
1.1116527621915286e-07
4.689076258894007e-05
6.794118552902571e-05
1.8890011902230358e-07
1.8283611604694897e-06
6.468009570194002e-07
6.645284656855834e-05
0.00016429383706447146
2.6359773298273437e-05
6.049278160047781e-05
4.4161016749827416e-05
1.3645357301466131e-05
1.9638553651117032e-05
2.062741777265694e-06
9.331120758001224e-07
2.159338600337119e-06
5.690969128905247e-06
5.3441108427760765e-06
8.885323183647035e-06
0.00016429383706447146
2.123366762703048e-06
9.976682023914274e-06
3.877459245523732e-06
2.123366762703048e-06
2.4240812042697387e-06
1.1116527621915286e-07
5.507715746967662e-06
1.519828788954336e-05
2.3146885026434495e-05
5.946295292081318e-06
5.640595890559563e-05
2.6655953255252924e-06
4.949166124902866e-07
0.00013613940653286292
3.4702828822683e-05
2.231747253535258e-06
1.0511861969989936e-05
3.9693477254680285e-06
3.2088916994557505e-05
1.4291539834276064e-07
1.7078402163446565e-05
7.616563601220476e-08
1.686672840676764e-05
6.263307554473392e-07
2.6359773298273437e-05
2.426636491342115e-05
1.1898419610182574e-05
3.383850540033901e-05
2.2315829884482398e-05
8.226376717894183e-06
1.9638553651117032e-05
0.0002165512825917113
6.350837872623767e-08
6.794118552902571e-05
5.488922949292119e-05
1.2365833566938362e-06
6.508673117714845e-07
0.00011133273180893373
4.928455004327836e-06
7.353508950798373e-05
1.747750090610914e-06
3.05643523983841e-07
1.8011767827807842e-06
7.5667440448914725e-06
6.504338426760443e-07
2.4581618746202223e-11
1.208001510300966e-10
1.8619142695053313e-12
1.3645357301466131e-05
2.230882076676684e-05
1.985757347184952e-07
4.361940476853918e-06
2.6243263581787557e-05
1.440830970542555e-07
4.491155407450433e-06
2.123366762703048e-06
6.199119801961766e-06
6.259711300404646e-06
7.3743439015793e-05
