0.0002668833016278486
2.1270103859976816e-06
5.946295292081318e-06
1.855082967380373e-07
3.82907507632732e-05
7.353508950798373e-05
1.6260777710495038e-07
8.298790311521499e-05
6.049278160047781e-05
3.05643523983841e-07
8.287805066311346e-07
9.76935930624892e-05
5.21734926980736e-06
2.2237960700707714e-05
2.2793433358759586e-05
9.976682023914274e-06
7.010086772417149e-06
1.440830970542555e-07
7.010086772417149e-06
4.785871626714502e-05
1.4840658453223564e-05
7.576331079953034e-06
8.770539186919482e-07
1.4226517499641418e-05
2.2237960700707714e-05
9.976682023914274e-06
6.049278160047781e-05
8.529185280656488e-05
1.1228489332296576e-05
2.9283722097240515e-06
8.226376717894183e-06
2.8365834504700393e-06
4.4161016749827416e-05
4.2188725430700566e-05
7.284694799111663e-06
1.9638553651117032e-05
8.777256718831983e-06
2.230882076676684e-05
6.138560086750389e-07
6.998595869889069e-07
3.877459245523732e-06
3.383850540033901e-05
3.6699485474813144e-05
4.4195521809672036e-05
3.946242963494347e-06
3.067629446829563e-05
8.226376717894183e-06
3.64877217783346e-06
0.00010111973942086643
0.0002685734823355065
0.00028171166491390223
2.7015063957664124e-05
2.909596392657699e-06
0.00022292465467612236
3.9693477254680285e-06
4.4195521809672036e-05
1.4901372675308846e-05
2.6243263581787557e-05
1.7078402163446565e-05
3.946242963494347e-06
8.226376717894183e-06
7.684357719287341e-07
2.123366762703048e-06
2.062741777265694e-06
5.7093033840895307e-05
2.453810129052437e-05
2.960579054983668e-06
3.946242963494347e-06
5.0294321518478824e-06
4.194227565059905e-06
1.0202625272034975e-05
7.039499525945028e-07
0.0004731758097428194
0.00013613940653286292
1.292554460093617e-07
0.00018447984510558076
7.038225475302433e-06
2.418937454682984e-06
3.6699485474813144e-05
1.567339464813779e-06
5.162997883804965e-06
3.134891197279844e-05
6.645284656855834e-05
2.161222970344615e-06
6.7815202776811e-05
7.176274094549116e-07
1.1228489332296576e-05
1.4840658453223564e-05
2.0741851575234967e-06
5.162997883804965e-06
6.142277490138394e-06
1.4407585468721625e-07
3.2088916994557505e-05
3.559293756169803e-05
0.0001685519570600527
3.175878468247006e-05
2.549212504090579e-07
1.0202625272034975e-05
4.292627929591897e-06
6.504338426760443e-07
